ID,Full Name,Tel Number,Email,Emergency Contact,Date of birth,Address,Assigned Doctor
1,Andrew Taylor,07911911911,a_t@outlook.com,02321456765,11/1/1991,69 Fridge Road,Dr Emi Wazo
2,Oleg Oleg,07987987654,olegoleg@gmail.com,08456434765,22/9/1987,9 Cup Avenue,Dr Emi Wazo
